AncientDerbyshire AncientSiberian Angus Ankole BelgianBlue BohaiBlack Boran Brahman Braunvieh BrownSwiss ChaidamuYellow Charolais Dianzhong EasternFinncattle Gayal Gelbvieh Gir Hanwoo Hereford Holstein JapaneseBlack Jersey JiaxianRed Kazakh Kenana Leiqiong Limonero Limousin Lingnan Luxi MaineAnjou Mishima Mongolian Montbeliarde Muturu Nanyang Ndama Nelore Normande Ogaden Piedmontese PodolianSteppe Qinchuan Rashoki RedAngus Romagnola Salers Shorthorn Simmental Tibetan TyroleanGrey Wannan Weining Wenshan WesternFinncattle Xuanhan Yakutian Yanbian Zaobei 
AncientDerbyshire 0.0123625 0.00101723 0.00198483 -0.00167711 0.00195273 0.000333456 -0.00328415 -0.00459398 0.00176171 0.00178082 0.000656312 0.00182962 -0.00495193 0.00194981 -0.00556346 0.00180453 -0.00511111 0.00134453 0.0024723 0.00195961 0.00151125 0.00190704 -0.000890788 0.00125789 -0.00342673 -0.00604237 0.00152092 0.0019007 -0.00278334 -0.00164721 0.00185566 0.00126732 0.00090646 0.00191633 0.00138781 -0.00211715 0.000340143 -0.00504623 0.00208951 -0.00354206 0.001962 0.00101336 -0.000625665 -0.000808016 0.00202047 0.00123336 0.00182075 0.00186238 0.00177601 0.000703995 0.00172708 -0.00550888 -0.0021136 -0.00457867 0.00200557 -0.00264126 0.00106244 0.00155481 -0.00285953
AncientSiberian 0.00101723 0.0181764 0.000138118 -0.000717842 0.000192411 -0.000181459 -0.00153685 -0.00213521 0.000234384 0.000232229 0.000386953 0.000184497 -0.00227001 0.000372318 -0.0020805 0.000223597 -0.00235213 0.000970687 0.000166107 0.000249909 0.000753657 0.000183871 -0.000344829 0.000301007 -0.00152008 -0.00293486 8.93798e-05 0.000191489 -0.00117854 -0.001007 0.000175177 0.00089182 0.000280882 0.000214973 0.000928778 -0.00113735 0.000448666 -0.00234237 0.000250434 -0.00159962 0.000237246 0.000139477 -7.6566e-05 -0.000506086 0.000160902 0.000152525 0.000198861 0.000140202 0.000217205 0.00172714 0.000239796 -0.00267674 -0.000928626 -0.0020978 0.000311117 -0.00109907 0.000718356 0.000664327 -0.0014386
Angus 0.00198483 0.000138118 0.00400338 -0.00182009 0.00252129 0.000523872 -0.00347874 -0.00490002 0.0022174 0.00222076 0.000854872 0.00240024 -0.00532729 0.0022904 -0.00624344 0.00236349 -0.00551257 0.00149583 0.0026095 0.00250726 0.00179316 0.00237598 -0.000870704 0.00156137 -0.00366196 -0.00644001 0.00173235 0.00230941 -0.00300114 -0.00168117 0.00287198 0.00139627 0.00113561 0.00219273 0.00137015 -0.00222803 0.000351792 -0.00548208 0.00243524 -0.00382072 0.00224064 0.00140193 -0.000593154 -0.000647607 0.00377752 0.00157776 0.00250293 0.00289673 0.0022999 0.000680636 0.0021972 -0.00588469 -0.00225412 -0.00488646 0.00236018 -0.00283617 0.00119243 0.00176563 -0.00298063
Ankole -0.00167711 -0.000717842 -0.00182009 0.00625869 -0.0017736 -0.000715017 0.00414112 0.00420209 -0.00168321 -0.00169023 -0.000853752 -0.00166705 0.00345026 -0.00170456 0.00124704 -0.00169889 0.0045986 -0.00136186 -0.00182925 -0.00177062 -0.00160545 -0.00175698 0.000105023 -0.00118813 0.00396396 0.00320493 -0.00119425 -0.00170225 0.00139577 0.000447106 -0.00179552 -0.00160957 -0.000837742 -0.00169723 4.88064e-05 0.000818496 0.000852321 0.00456714 -0.00176235 0.00442704 -0.00166364 -0.000961649 2.87117e-05 0.000802442 -0.00185692 -0.00107001 -0.00171619 -0.00181778 -0.00169269 -0.000750943 -0.00165507 0.00281096 0.00112915 0.00261586 -0.00173889 0.0013613 -0.00116241 -0.00150916 0.00123108
BelgianBlue 0.00195273 0.000192411 0.00252129 -0.0017736 0.00358774 0.000625545 -0.00350479 -0.00497514 0.00231638 0.00232459 0.000926828 0.00241719 -0.00537993 0.00230818 -0.00628202 0.00238203 -0.00559177 0.00156343 0.00250968 0.00255262 0.0018345 0.00237656 -0.000843464 0.00163151 -0.00366977 -0.00650753 0.0017826 0.00252222 -0.00299139 -0.00160936 0.00266256 0.00150684 0.0011989 0.00238275 0.00154525 -0.00219608 0.000478183 -0.00556336 0.00246634 -0.00382437 0.00233717 0.00148057 -0.000569027 -0.0006008 0.00256832 0.00165926 0.00243073 0.00277344 0.00241939 0.000749235 0.0023123 -0.00593207 -0.00224013 -0.00492588 0.00234444 -0.00284492 0.00127305 0.00189711 -0.00298848
BohaiBlack 0.000333456 -0.000181459 0.000523872 -0.000715017 0.000625545 0.00267045 -0.00123662 -0.00158594 0.00057847 0.000577049 0.0002239 0.000592632 -0.00138072 0.000528393 -0.00184824 0.000578211 -0.0017799 0.000471295 0.000570404 0.000620574 0.000466606 0.000550214 -5.38747e-05 0.000410804 -0.00122643 -0.0014003 0.000372011 0.000775576 -0.000604006 -0.000192875 0.000518807 0.000352012 0.000303363 0.00062128 0.000277907 -0.000317438 -4.26674e-05 -0.00177738 0.000569565 -0.00128086 0.000578861 0.00033406 -9.84141e-06 -0.000258626 0.000541217 0.000358077 0.000656532 0.000539424 0.000628544 0.000205516 0.000578287 -0.00127641 -0.000549779 -0.00108323 0.000542386 -0.000592516 0.00035055 0.000580155 -0.000611881
Boran -0.00328415 -0.00153685 -0.00347874 0.00414112 -0.00350479 -0.00123662 0.0104684 0.00876965 -0.00341526 -0.00342342 -0.00172962 -0.00332852 0.00779822 -0.00343648 0.00494217 -0.00342287 0.00966363 -0.0029067 -0.00352932 -0.00348195 -0.00331271 -0.00348618 0.000501209 -0.00249704 0.00725263 0.00808234 -0.0024957 -0.00345558 0.0035186 0.00161167 -0.00347382 -0.00327515 -0.00179745 -0.00347673 -0.00239581 0.00234451 -0.00049276 0.00956662 -0.00350854 0.00795865 -0.00340808 -0.00216454 0.000209572 0.00140202 -0.00354862 -0.00243812 -0.00344588 -0.00347602 -0.00342252 -0.00166777 -0.00339133 0.0072187 0.00288202 0.00628239 -0.00347684 0.00335755 -0.00242592 -0.00312285 0.00339961
Brahman -0.00459398 -0.00213521 -0.00490002 0.00420209 -0.00497514 -0.00158594 0.00876965 0.0147612 -0.00487041 -0.0048672 -0.00238882 -0.00473296 0.011889 -0.0048956 0.00850706 -0.00486967 0.0148163 -0.00419344 -0.00500542 -0.00495807 -0.00474512 -0.00495419 0.000969889 -0.00354993 0.00920995 0.0125524 -0.00351227 -0.00493586 0.0055004 0.00272721 -0.00490866 -0.00466463 -0.00255343 -0.00496883 -0.00438278 0.00381113 -0.00160844 0.0143895 -0.00499777 0.00954437 -0.00486836 -0.0031182 0.000478527 0.00202473 -0.00502408 -0.0035399 -0.00490623 -0.00493893 -0.00485899 -0.00231468 -0.00483759 0.0111934 0.00440357 0.00970383 -0.00496249 0.00521626 -0.00350074 -0.00448942 0.00544288
Braunvieh 0.00176171 0.000234384 0.0022174 -0.00168321 0.00231638 0.00057847 -0.00341526 -0.00487041 0.00348561 0.00289801 0.000880907 0.00229668 -0.00525308 0.00220598 -0.00617792 0.00242037 -0.00546042 0.00156728 0.00228876 0.00229235 0.00183312 0.00234326 -0.000816833 0.0018162 -0.00355562 -0.00639129 0.00172351 0.00238926 -0.00291891 -0.00159561 0.00222903 0.00153336 0.00118892 0.00249122 0.001607 -0.00214911 0.000530874 -0.00544075 0.00230351 -0.00368068 0.00236753 0.00156903 -0.000529962 -0.000604522 0.00226368 0.00171334 0.00236067 0.00219874 0.00245577 0.000771621 0.00257397 -0.00581397 -0.00224273 -0.00482203 0.00224885 -0.00277305 0.00127314 0.00187064 -0.00290516
BrownSwiss 0.00178082 0.000232229 0.00222076 -0.00169023 0.00232459 0.000577049 -0.00342342 -0.0048672 0.00289801 0.0032969 0.000895585 0.00228904 -0.00524866 0.00220775 -0.00618605 0.00241811 -0.00545918 0.00156879 0.00231007 0.00229592 0.0018326 0.00235017 -0.000822627 0.00189043 -0.00356268 -0.00638648 0.00176332 0.00239602 -0.00291761 -0.00159522 0.00223099 0.00153438 0.0012063 0.00249667 0.00160458 -0.00214593 0.00052072 -0.00543861 0.00231344 -0.00369606 0.00236701 0.00157037 -0.000533965 -0.000601559 0.00225959 0.00170298 0.00235806 0.00220421 0.00248669 0.000778769 0.00252797 -0.00581113 -0.00224252 -0.00481908 0.00224646 -0.0027656 0.00127928 0.00187935 -0.00290214
ChaidamuYellow 0.000656312 0.000386953 0.000854872 -0.000853752 0.000926828 0.0002239 -0.00172962 -0.00238882 0.000880907 0.000895585 0.00604004 0.000848905 -0.00266935 0.00101571 -0.00381588 0.000904066 -0.00271166 0.00125951 0.000883865 0.000954804 0.00116009 0.000921193 -0.000257921 0.000822641 -0.00178849 -0.00348137 0.000650139 0.000878743 -0.00138861 -0.000919719 0.000850424 0.00120862 0.000727055 0.000833381 0.000785016 -0.00108069 0.000278188 -0.00271231 0.00092932 -0.0018371 0.000918497 0.00068084 -5.8264e-06 -0.000194656 0.000870681 0.000724362 0.000878216 0.000837849 0.000877343 0.000834961 0.00092042 -0.00318611 -0.00107316 -0.00249266 0.000988441 -0.00129642 0.00103641 0.00108796 -0.00154893
Charolais 0.00182962 0.000184497 0.00240024 -0.00166705 0.00241719 0.000592632 -0.00332852 -0.00473296 0.00229668 0.00228904 0.000848905 0.00283508 -0.00514473 0.00216389 -0.00608443 0.00235362 -0.00532179 0.00150576 0.00246103 0.00232297 0.001763 0.00229693 -0.000807655 0.00158763 -0.00348327 -0.00625531 0.00171762 0.00248571 -0.00287794 -0.00153519 0.00248993 0.00144179 0.00113793 0.00239987 0.0015175 -0.00210214 0.000480458 -0.00529472 0.00234627 -0.00363068 0.00229099 0.00144339 -0.000550426 -0.000608697 0.00243599 0.00159794 0.00247992 0.00255212 0.00239022 0.000716791 0.0022763 -0.0056981 -0.00218393 -0.00473162 0.00221706 -0.00273106 0.00120107 0.00186152 -0.00285887
Dianzhong -0.00495193 -0.00227001 -0.00532729 0.00345026 -0.00537993 -0.00138072 0.00779822 0.011889 -0.00525308 -0.00524866 -0.00266935 -0.00514473 0.0166563 -0.00527724 0.0115097 -0.00526679 0.0130995 -0.0044132 -0.00543264 -0.00534413 -0.00498668 -0.00532824 0.00155878 -0.00387117 0.00827028 0.0152851 -0.00403997 -0.00532273 0.00685987 0.00368483 -0.00533005 -0.00487994 -0.0028784 -0.00536615 -0.00475533 0.00498649 -0.00207887 0.0130688 -0.00538881 0.00856752 -0.00526772 -0.00352897 0.000953331 0.00144715 -0.00543547 -0.00395983 -0.00530142 -0.005356 -0.00525302 -0.00242983 -0.00521311 0.0137857 0.00533087 0.0117 -0.00534466 0.00642967 -0.00368099 -0.00476877 0.00679457
EasternFinncattle 0.00194981 0.000372318 0.0022904 -0.00170456 0.00230818 0.000528393 -0.00343648 -0.0048956 0.00220598 0.00220775 0.00101571 0.00216389 -0.00527724 0.0043335 -0.00618841 0.00221608 -0.00549685 0.00171082 0.00236711 0.00236805 0.00191794 0.00231078 -0.00076492 0.00162927 -0.00358741 -0.00640448 0.00170379 0.00221631 -0.00288481 -0.0016206 0.00227248 0.00164931 0.00122123 0.00221575 0.00163955 -0.0021295 0.000535729 -0.00546799 0.00234772 -0.00373424 0.00225517 0.00149078 -0.000451204 -0.000578674 0.00233795 0.00163422 0.00220177 0.00228097 0.00218442 0.000887819 0.00221526 -0.00582047 -0.00221172 -0.00481994 0.00261481 -0.00270873 0.00139508 0.00190277 -0.00291499
Gayal -0.00556346 -0.0020805 -0.00624344 0.00124704 -0.00628202 -0.00184824 0.00494217 0.00850706 -0.00617792 -0.00618605 -0.00381588 -0.00608443 0.0115097 -0.00618841 0.0695547 -0.00617739 0.00957118 -0.00543963 -0.0063121 -0.00625082 -0.00595369 -0.00625783 0.00127015 -0.00493608 0.00533885 0.0178984 -0.00515398 -0.00623257 0.00686415 0.00381739 -0.0062771 -0.00587257 -0.00410225 -0.00629941 -0.0055805 0.00583532 -0.00333485 0.00950332 -0.00632099 0.00562244 -0.00621547 -0.00472801 0.000544378 -0.0005731 -0.00633874 -0.0051522 -0.00622128 -0.0062611 -0.00617979 -0.0029117 -0.00616192 0.0163188 0.0042645 0.012146 -0.00625797 0.00608794 -0.00469149 -0.00569532 0.00751669
Gelbvieh 0.00180453 0.000223597 0.00236349 -0.00169889 0.00238203 0.000578211 -0.00342287 -0.00486967 0.00242037 0.00241811 0.000904066 0.00235362 -0.00526679 0.00221608 -0.00617739 0.00332757 -0.00545218 0.00156568 0.00237449 0.00230907 0.00179697 0.00234658 -0.000807448 0.00166283 -0.00355011 -0.00636641 0.00171766 0.00242606 -0.00292082 -0.00159432 0.00231134 0.0014957 0.00116554 0.00257238 0.00160002 -0.00210468 0.000528961 -0.00543443 0.00232541 -0.00370595 0.00235745 0.00150925 -0.000526951 -0.000616592 0.00240888 0.00167107 0.00244912 0.00230536 0.00258683 0.000748935 0.00239679 -0.00580072 -0.00223727 -0.00482122 0.00224976 -0.00277028 0.00125551 0.00190668 -0.00289102
Gir -0.00511111 -0.00235213 -0.00551257 0.0045986 -0.00559177 -0.0017799 0.00966363 0.0148163 -0.00546042 -0.00545918 -0.00271166 -0.00532179 0.0130995 -0.00549685 0.00957118 -0.00545218 0.0208502 -0.00469258 -0.00562609 -0.00557445 -0.00528667 -0.0055619 0.00103483 -0.00399147 0.0101423 0.0139264 -0.00398028 -0.00553565 0.00606694 0.00294781 -0.00553478 -0.00516137 -0.0028879 -0.00555798 -0.0048912 0.00419782 -0.00184756 0.0158047 -0.00561137 0.010532 -0.00547364 -0.00353868 0.000517437 0.00214396 -0.00564446 -0.00398917 -0.0055063 -0.0055631 -0.00543887 -0.00261097 -0.00542746 0.012443 0.00485136 0.0107363 -0.00555906 0.00572575 -0.00391482 -0.00500227 0.0059896
Hanwoo 0.00134453 0.000970687 0.00149583 -0.00136186 0.00156343 0.000471295 -0.0029067 -0.00419344 0.00156728 0.00156879 0.00125951 0.00150576 -0.0044132 0.00171082 -0.00543963 0.00156568 -0.00469258 0.00329201 0.00154377 0.00159588 0.00262923 0.00156755 -0.000223736 0.00143755 -0.00301181 -0.00551324 0.00110987 0.00157286 -0.0021047 -0.00131077 0.00149776 0.00300375 0.00119068 0.00154863 0.00154956 -0.00162991 0.000621736 -0.00466464 0.00159502 -0.0031468 0.0016006 0.00114829 0.0001668 -0.000474336 0.00153414 0.00123968 0.00153572 0.00148578 0.00154397 0.00146806 0.00159208 -0.00494713 -0.00164194 -0.00396149 0.00169889 -0.00192863 0.00188549 0.00222399 -0.00233639
Hereford 0.0024723 0.000166107 0.0026095 -0.00182925 0.00250968 0.000570404 -0.00352932 -0.00500542 0.00228876 0.00231007 0.000883865 0.00246103 -0.00543264 0.00236711 -0.0063121 0.00237449 -0.00562609 0.00154377 0.00429668 0.00250278 0.00181583 0.00246908 -0.00086922 0.00163363 -0.00374865 -0.00657588 0.00189108 0.00248252 -0.00302293 -0.00168403 0.00252136 0.00149233 0.00117474 0.00239575 0.00148263 -0.00221452 0.000386064 -0.0056127 0.00255451 -0.00389724 0.00240243 0.00143041 -0.000602694 -0.00068539 0.00267306 0.00166559 0.00242736 0.00254314 0.00232652 0.000771545 0.00226093 -0.00597608 -0.00228351 -0.00497095 0.00247375 -0.00285407 0.00123572 0.00187953 -0.00301336
Holstein 0.00195961 0.000249909 0.00250726 -0.00177062 0.00255262 0.000620574 -0.00348195 -0.00495807 0.00229235 0.00229592 0.000954804 0.00232297 -0.00534413 0.00236805 -0.00625082 0.00230907 -0.00557445 0.00159588 0.00250278 0.00375491 0.00191752 0.00240266 -0.000836155 0.00165819 -0.00364521 -0.00648251 0.00179902 0.00232053 -0.00296347 -0.00165358 0.00250907 0.00150848 0.00131415 0.00230485 0.00154985 -0.0021824 0.000474124 -0.0055373 0.00250813 -0.00380785 0.00230026 0.00147854 -0.00053356 -0.000503198 0.00254565 0.00162998 0.0023089 0.00256024 0.00231 0.000773262 0.00226987 -0.00590697 -0.00217436 -0.00490425 0.00241294 -0.00280772 0.00129308 0.00185002 -0.00296745
JapaneseBlack 0.00151125 0.000753657 0.00179316 -0.00160545 0.0018345 0.000466606 -0.00331271 -0.00474512 0.00183312 0.0018326 0.00116009 0.001763 -0.00498668 0.00191794 -0.00595369 0.00179697 -0.00528667 0.00262923 0.00181583 0.00191752 0.00562699 0.00181297 -0.000475977 0.00151322 -0.00343137 -0.00613273 0.00130806 0.00181141 -0.00253349 -0.00154125 0.0018417 0.0040876 0.00117367 0.00177782 0.00160726 -0.0019523 0.00053673 -0.00525915 0.00185626 -0.00358296 0.00180296 0.00122805 -9.04661e-05 -0.000618341 0.00183747 0.0013491 0.00178509 0.00184086 0.00176567 0.00127407 0.00180637 -0.00552375 -0.00195494 -0.00449517 0.00191817 -0.00234932 0.00173804 0.00223164 -0.0027251
Jersey 0.00190704 0.000183871 0.00237598 -0.00175698 0.00237656 0.000550214 -0.00348618 -0.00495419 0.00234326 0.00235017 0.000921193 0.00229693 -0.00532824 0.00231078 -0.00625783 0.00234658 -0.0055619 0.00156755 0.00246908 0.00240266 0.00181297 0.00502392 -0.000849138 0.00165202 -0.00363866 -0.00646392 0.00179978 0.00237329 -0.00298538 -0.00163485 0.00233671 0.0014958 0.00115324 0.00235312 0.00153412 -0.00219033 0.000495487 -0.00552845 0.00246889 -0.00378356 0.0023763 0.00153548 -0.000561763 -0.000620119 0.00243857 0.00169388 0.00231674 0.00234782 0.00231515 0.000734913 0.00232876 -0.00587861 -0.00229378 -0.00489007 0.00236768 -0.00282339 0.00125163 0.00185694 -0.00297771
JiaxianRed -0.000890788 -0.000344829 -0.000870704 0.000105023 -0.000843464 -5.38747e-05 0.000501209 0.000969889 -0.000816833 -0.000822627 -0.000257921 -0.000807655 0.00155878 -0.00076492 0.00127015 -0.000807448 0.00103483 -0.000223736 -0.00086922 -0.000836155 -0.000475977 -0.000849138 0.00390808 -0.000477441 0.000588633 0.00231353 -0.000701116 -0.000802841 0.00126582 0.000709271 -0.000863691 -0.000409794 -0.000297536 -0.000864705 -0.000718795 0.000996258 -0.000449363 0.00102674 -0.000849933 0.000574795 -0.000808195 -0.000564685 0.000782081 2.73222e-05 -0.000880335 -0.000602994 -0.000818675 -0.000881429 -0.000815073 -2.92096e-05 -0.000779498 0.0020673 0.000801006 0.00174743 -0.000782431 0.00123779 -0.000220195 -0.00045877 0.00112607
Kazakh 0.00125789 0.000301007 0.00156137 -0.00118813 0.00163151 0.000410804 -0.00249704 -0.00354993 0.0018162 0.00189043 0.000822641 0.00158763 -0.00387117 0.00162927 -0.00493608 0.00166283 -0.00399147 0.00143755 0.00163363 0.00165819 0.00151322 0.00165202 -0.000477441 0.00228853 -0.00258481 -0.00484657 0.00120407 0.0016439 -0.00208082 -0.00121301 0.00155754 0.0013632 0.00100661 0.00166881 0.00121637 -0.00156359 0.000415282 -0.00398913 0.00162948 -0.00271429 0.0016476 0.001132 -0.000229062 -0.000338403 0.00159143 0.00122773 0.00161257 0.00155082 0.00166776 0.000809695 0.00172313 -0.00440317 -0.00161387 -0.00357485 0.00164129 -0.00194468 0.00119971 0.00149998 -0.00215616
Kenana -0.00342673 -0.00152008 -0.00366196 0.00396396 -0.00366977 -0.00122643 0.00725263 0.00920995 -0.00355562 -0.00356268 -0.00178849 -0.00348327 0.00827028 -0.00358741 0.00533885 -0.00355011 0.0101423 -0.00301181 -0.00374865 -0.00364521 -0.00343137 -0.00363866 0.000588633 -0.00258481 0.0099608 0.00853907 -0.00260473 -0.00360439 0.00377956 0.00175279 -0.00365712 -0.00337638 -0.00186074 -0.00361767 -0.00231799 0.00251095 -0.0002556 0.0100682 -0.00367783 0.00792935 -0.00355394 -0.0022408 0.000257238 0.00149301 -0.00374725 -0.0025372 -0.00360398 -0.00368029 -0.00354991 -0.00168952 -0.00352415 0.00764954 0.00297492 0.00667864 -0.00362834 0.00357537 -0.0025096 -0.00325034 0.00364474
Leiqiong -0.00604237 -0.00293486 -0.00644001 0.00320493 -0.00650753 -0.0014003 0.00808234 0.0125524 -0.00639129 -0.00638648 -0.00348137 -0.00625531 0.0152851 -0.00640448 0.0178984 -0.00636641 0.0139264 -0.00551324 -0.00657588 -0.00648251 -0.00613273 -0.00646392 0.00231353 -0.00484657 0.00853907 0.0257861 -0.00501897 -0.00645669 0.00902879 0.00525054 -0.00644323 -0.00600736 -0.00375464 -0.00650822 -0.00581342 0.00708199 -0.00284261 0.0138793 -0.00653154 0.00892179 -0.00640406 -0.00449468 0.00141524 0.000971893 -0.00655901 -0.00494948 -0.00642855 -0.00645792 -0.00636699 -0.00324754 -0.00634598 0.0187527 0.00652256 0.0152588 -0.00648294 0.00816202 -0.00463377 -0.00585445 0.00939352
Limonero 0.00152092 8.93798e-05 0.00173235 -0.00119425 0.0017826 0.000372011 -0.0024957 -0.00351227 0.00172351 0.00176332 0.000650139 0.00171762 -0.00403997 0.00170379 -0.00515398 0.00171766 -0.00398028 0.00110987 0.00189108 0.00179902 0.00130806 0.00179978 -0.000701116 0.00120407 -0.00260473 -0.00501897 0.00446336 0.0017816 -0.0023217 -0.00134706 0.0017212 0.00104375 0.000859913 0.00175797 0.00135591 -0.00176519 0.000522748 -0.0039818 0.00179838 -0.00273253 0.00177412 0.00110652 -0.00048181 -0.000433865 0.00176362 0.00125543 0.00174186 0.00172 0.00170546 0.000531937 0.00169267 -0.00461106 -0.0017835 -0.0037978 0.00174765 -0.00221345 0.000900963 0.00135818 -0.00231743
Limousin 0.0019007 0.000191489 0.00230941 -0.00170225 0.00252222 0.000775576 -0.00345558 -0.00493586 0.00238926 0.00239602 0.000878743 0.00248571 -0.00532273 0.00221631 -0.00623257 0.00242606 -0.00553565 0.00157286 0.00248252 0.00232053 0.00181141 0.00237329 -0.000802841 0.0016439 -0.00360439 -0.00645669 0.0017816 0.00310349 -0.00296811 -0.00143185 0.00232077 0.00151574 0.00115498 0.00252592 0.0016378 -0.00214059 0.000555811 -0.00550591 0.00238047 -0.00375267 0.00240552 0.00152201 -0.000545082 -0.000650279 0.00234714 0.00168433 0.0026528 0.00230289 0.00250073 0.000755938 0.00237179 -0.0058832 -0.0022649 -0.00488609 0.00226256 -0.00280902 0.00126066 0.00209483 -0.00294752
Lingnan -0.00278334 -0.00117854 -0.00300114 0.00139577 -0.00299139 -0.000604006 0.0035186 0.0055004 -0.00291891 -0.00291761 -0.00138861 -0.00287794 0.00685987 -0.00288481 0.00686415 -0.00292082 0.00606694 -0.0021047 -0.00302293 -0.00296347 -0.00253349 -0.00298538 0.00126582 -0.00208082 0.00377956 0.00902879 -0.0023217 -0.00296811 0.00699695 0.00241733 -0.00299053 -0.00237322 -0.00157638 -0.00298983 -0.00259932 0.00323736 -0.00128053 0.00604213 -0.0029919 0.00391188 -0.00291071 -0.00198912 0.000926581 0.000464922 -0.00305154 -0.00223229 -0.00295946 -0.00300498 -0.00292346 -0.00110179 -0.00287913 0.00817118 0.00310131 0.0067765 -0.0029302 0.00394877 -0.00179141 -0.00244899 0.00419765
Luxi -0.00164721 -0.001007 -0.00168117 0.000447106 -0.00160936 -0.000192875 0.00161167 0.00272721 -0.00159561 -0.00159522 -0.000919719 -0.00153519 0.00368483 -0.0016206 0.00381739 -0.00159432 0.00294781 -0.00131077 -0.00168403 -0.00165358 -0.00154125 -0.00163485 0.000709271 -0.00121301 0.00175279 0.00525054 -0.00134706 -0.00143185 0.00241733 0.00619548 -0.00166389 -0.00155054 -0.00094798 -0.00163012 -0.0015836 0.0020257 -0.000900787 0.00294593 -0.00165216 0.00182706 -0.0015908 -0.00120457 0.000467708 8.10723e-05 -0.00171067 -0.00131693 -0.00153532 -0.00169326 -0.00156993 -0.000820376 -0.00159129 0.00484924 0.00164672 0.00378438 -0.00163584 0.00216189 -0.00114002 -0.00135109 0.0025527
MaineAnjou 0.00185566 0.000175177 0.00287198 -0.00179552 0.00266256 0.000518807 -0.00347382 -0.00490866 0.00222903 0.00223099 0.000850424 0.00248993 -0.00533005 0.00227248 -0.0062771 0.00231134 -0.00553478 0.00149776 0.00252136 0.00250907 0.0018417 0.00233671 -0.000863691 0.00155754 -0.00365712 -0.00644323 0.0017212 0.00232077 -0.00299053 -0.00166389 0.00409723 0.00144035 0.0011467 0.00221796 0.00143854 -0.00222799 0.000409291 -0.00549623 0.00247036 -0.00381282 0.00224339 0.00143006 -0.000591632 -0.000627165 0.00291571 0.00161024 0.0023779 0.00350125 0.00225512 0.000698423 0.00221134 -0.00589239 -0.00224624 -0.00489698 0.00231576 -0.00284103 0.00119738 0.00178877 -0.00296942
Mishima 0.00126732 0.00089182 0.00139627 -0.00160957 0.00150684 0.000352012 -0.00327515 -0.00466463 0.00153336 0.00153438 0.00120862 0.00144179 -0.00487994 0.00164931 -0.00587257 0.0014957 -0.00516137 0.00300375 0.00149233 0.00150848 0.0040876 0.0014958 -0.000409794 0.0013632 -0.00337638 -0.00600736 0.00104375 0.00151574 -0.00237322 -0.00155054 0.00144035 0.011323 0.00108732 0.00149181 0.00155888 -0.00192789 0.000537762 -0.00515124 0.00150661 -0.00353048 0.00153405 0.00106208 8.66759e-06 -0.000669229 0.00141852 0.00115296 0.00146821 0.00139612 0.00148191 0.00142461 0.00153473 -0.0054065 -0.00191774 -0.00436631 0.00165365 -0.00220653 0.00184194 0.00229549 -0.00265029
Mongolian 0.00090646 0.000280882 0.00113561 -0.000837742 0.0011989 0.000303363 -0.00179745 -0.00255343 0.00118892 0.0012063 0.000727055 0.00113793 -0.0028784 0.00122123 -0.00410225 0.00116554 -0.0028879 0.00119068 0.00117474 0.00131415 0.00117367 0.00115324 -0.000297536 0.00100661 -0.00186074 -0.00375464 0.000859913 0.00115498 -0.00157638 -0.00094798 0.0011467 0.00108732 0.00211602 0.00115804 0.000891539 -0.001195 0.000339845 -0.00288674 0.00119406 -0.00196584 0.00116875 0.000834516 -0.000102181 -0.000158866 0.00115208 0.000886767 0.00113898 0.00113854 0.00117594 0.000718368 0.00119372 -0.00340876 -0.00116893 -0.00271512 0.00120439 -0.00143937 0.000999738 0.00114387 -0.00165411
Montbeliarde 0.00191633 0.000214973 0.00219273 -0.00169723 0.00238275 0.00062128 -0.00347673 -0.00496883 0.00249122 0.00249667 0.000833381 0.00239987 -0.00536615 0.00221575 -0.00629941 0.00257238 -0.00555798 0.00154863 0.00239575 0.00230485 0.00177782 0.00235312 -0.000864705 0.00166881 -0.00361767 -0.00650822 0.00175797 0.00252592 -0.00298983 -0.00163012 0.00221796 0.00149181 0.00115804 0.0044298 0.00162326 -0.00217035 0.000532265 -0.00553471 0.00248893 -0.00376421 0.00244151 0.00149777 -0.000583062 -0.000669614 0.00225483 0.00166555 0.00251875 0.00219212 0.0028015 0.00073684 0.00245721 -0.00591765 -0.00228721 -0.00492051 0.00225003 -0.00285064 0.00124489 0.00193088 -0.00292933
Muturu 0.00138781 0.000928778 0.00137015 4.88064e-05 0.00154525 0.000277907 -0.00239581 -0.00438278 0.001607 0.00160458 0.000785016 0.0015175 -0.00475533 0.00163955 -0.0055805 0.00160002 -0.0048912 0.00154956 0.00148263 0.00154985 0.00160726 0.00153412 -0.000718795 0.00121637 -0.00231799 -0.00581342 0.00135591 0.0016378 -0.00259932 -0.0015836 0.00143854 0.00155888 0.000891539 0.00162326 0.00864353 -0.00204242 0.00345937 -0.00487249 0.00156539 -0.00257806 0.00162974 0.00116888 -0.000428633 -0.000508814 0.0014077 0.00129738 0.00155864 0.00141924 0.00161039 0.00086349 0.00161895 -0.00527993 -0.002095 -0.00437817 0.00161688 -0.00244984 0.0012183 0.00154708 -0.00271095
Nanyang -0.00211715 -0.00113735 -0.00222803 0.000818496 -0.00219608 -0.000317438 0.00234451 0.00381113 -0.00214911 -0.00214593 -0.00108069 -0.00210214 0.00498649 -0.0021295 0.00583532 -0.00210468 0.00419782 -0.00162991 -0.00221452 -0.0021824 -0.0019523 -0.00219033 0.000996258 -0.00156359 0.00251095 0.00708199 -0.00176519 -0.00214059 0.00323736 0.0020257 -0.00222799 -0.00192789 -0.001195 -0.00217035 -0.00204242 0.00503091 -0.00110353 0.00421965 -0.00220806 0.00264214 -0.00214198 -0.00151811 0.000733693 0.000240401 -0.0022641 -0.00168803 -0.002152 -0.00223865 -0.00210982 -0.000955206 -0.00212071 0.00643491 0.00225336 0.00513362 -0.00217375 0.00292583 -0.00139538 -0.00183412 0.00335351
Ndama 0.000340143 0.000448666 0.000351792 0.000852321 0.000478183 -4.26674e-05 -0.00049276 -0.00160844 0.000530874 0.00052072 0.000278188 0.000480458 -0.00207887 0.000535729 -0.00333485 0.000528961 -0.00184756 0.000621736 0.000386064 0.000474124 0.00053673 0.000495487 -0.000449363 0.000415282 -0.0002556 -0.00284261 0.000522748 0.000555811 -0.00128053 -0.000900787 0.000409291 0.000537762 0.000339845 0.000532265 0.00345937 -0.00110353 0.00637681 -0.00184996 0.000503509 -0.000455326 0.0005588 0.000451303 -0.00027994 -7.43076e-05 0.000360936 0.000505135 0.000511947 0.000361139 0.000550526 0.00033906 0.00056043 -0.0026119 -0.00102555 -0.00209196 0.000530758 -0.00119741 0.000459772 0.000567974 -0.00144674
Nelore -0.00504623 -0.00234237 -0.00548208 0.00456714 -0.00556336 -0.00177738 0.00956662 0.0143895 -0.00544075 -0.00543861 -0.00271231 -0.00529472 0.0130688 -0.00546799 0.00950332 -0.00543443 0.0158047 -0.00466464 -0.0056127 -0.0055373 -0.00525915 -0.00552845 0.00102674 -0.00398913 0.0100682 0.0138793 -0.0039818 -0.00550591 0.00604213 0.00294593 -0.00549623 -0.00515124 -0.00288674 -0.00553471 -0.00487249 0.00421965 -0.00184996 0.0210038 -0.00557955 0.0104526 -0.00542457 -0.00350399 0.000528949 0.00212787 -0.00560338 -0.00395697 -0.00547868 -0.00554063 -0.00542832 -0.00259103 -0.00540527 0.0123776 0.00483906 0.0106902 -0.00554892 0.00573704 -0.00391446 -0.00498254 0.00598987
Normande 0.00208951 0.000250434 0.00243524 -0.00176235 0.00246634 0.000569565 -0.00350854 -0.00499777 0.00230351 0.00231344 0.00092932 0.00234627 -0.00538881 0.00234772 -0.00632099 0.00232541 -0.00561137 0.00159502 0.00255451 0.00250813 0.00185626 0.00246889 -0.000849933 0.00162948 -0.00367783 -0.00653154 0.00179838 0.00238047 -0.0029919 -0.00165216 0.00247036 0.00150661 0.00119406 0.00248893 0.00156539 -0.00220806 0.000503509 -0.00557955 0.0043647 -0.00382477 0.00238685 0.00149271 -0.000552629 -0.000612992 0.00248357 0.00169209 0.00232787 0.00247892 0.00229904 0.000775577 0.00228764 -0.00595476 -0.00226632 -0.0049402 0.00241236 -0.00283528 0.00127672 0.00188427 -0.00299133
Ogaden -0.00354206 -0.00159962 -0.00382072 0.00442704 -0.00382437 -0.00128086 0.00795865 0.00954437 -0.00368068 -0.00369606 -0.0018371 -0.00363068 0.00856752 -0.00373424 0.00562244 -0.00370595 0.010532 -0.0031468 -0.00389724 -0.00380785 -0.00358296 -0.00378356 0.000574795 -0.00271429 0.00792935 0.00892179 -0.00273253 -0.00375267 0.00391188 0.00182706 -0.00381282 -0.00353048 -0.00196584 -0.00376421 -0.00257806 0.00264214 -0.000455326 0.0104526 -0.00382477 0.0106023 -0.00370246 -0.0023321 0.00026334 0.00153534 -0.003906 -0.0026348 -0.00375191 -0.00383638 -0.00370569 -0.0017613 -0.00366993 0.00794196 0.0031413 0.00693385 -0.00379295 0.0037111 -0.00262605 -0.0033795 0.00375998
Piedmontese 0.001962 0.000237246 0.00224064 -0.00166364 0.00233717 0.000578861 -0.00340808 -0.00486836 0.00236753 0.00236701 0.000918497 0.00229099 -0.00526772 0.00225517 -0.00621547 0.00235745 -0.00547364 0.0016006 0.00240243 0.00230026 0.00180296 0.0023763 -0.000808195 0.0016476 -0.00355394 -0.00640406 0.00177412 0.00240552 -0.00291071 -0.0015908 0.00224339 0.00153405 0.00116875 0.00244151 0.00162974 -0.00214198 0.0005588 -0.00542457 0.00238685 -0.00370246 0.00376515 0.00155337 -0.000517715 -0.000599451 0.00229046 0.00174552 0.00235413 0.00221556 0.00238288 0.000790288 0.00236031 -0.00582695 -0.00222521 -0.00484732 0.00228354 -0.00275947 0.00129529 0.00190186 -0.00291407
PodolianSteppe 0.00101336 0.000139477 0.00140193 -0.000961649 0.00148057 0.00033406 -0.00216454 -0.0031182 0.00156903 0.00157037 0.00068084 0.00144339 -0.00352897 0.00149078 -0.00472801 0.00150925 -0.00353868 0.00114829 0.00143041 0.00147854 0.00122805 0.00153548 -0.000564685 0.001132 -0.0022408 -0.00449468 0.00110652 0.00152201 -0.00198912 -0.00120457 0.00143006 0.00106208 0.000834516 0.00149777 0.00116888 -0.00151811 0.000451303 -0.00350399 0.00149271 -0.0023321 0.00155337 0.00356547 -0.000324704 -0.000224345 0.00142093 0.00153493 0.00146691 0.00141096 0.00149412 0.000566727 0.00156592 -0.00412176 -0.00155044 -0.00332476 0.00148237 -0.00188598 0.000929097 0.00128638 -0.00210878
Qinchuan -0.000625665 -7.6566e-05 -0.000593154 2.87117e-05 -0.000569027 -9.84141e-06 0.000209572 0.000478527 -0.000529962 -0.000533965 -5.8264e-06 -0.000550426 0.000953331 -0.000451204 0.000544378 -0.000526951 0.000517437 0.0001668 -0.000602694 -0.00053356 -9.04661e-05 -0.000561763 0.000782081 -0.000229062 0.000257238 0.00141524 -0.00048181 -0.000545082 0.000926581 0.000467708 -0.000591632 8.66759e-06 -0.000102181 -0.000583062 -0.000428633 0.000733693 -0.00027994 0.000528949 -0.000552629 0.00026334 -0.000517715 -0.000324704 0.00128233 3.76986e-05 -0.000593456 -0.00037026 -0.000561048 -0.000610928 -0.000545609 0.000218945 -0.000506576 0.00129364 0.000614186 0.0011355 -0.000484101 0.00092064 0.000136555 -0.000133487 0.000781239
Rashoki -0.000808016 -0.000506086 -0.000647607 0.000802442 -0.0006008 -0.000258626 0.00140202 0.00202473 -0.000604522 -0.000601559 -0.000194656 -0.000608697 0.00144715 -0.000578674 -0.0005731 -0.000616592 0.00214396 -0.000474336 -0.00068539 -0.000503198 -0.000618341 -0.000620119 2.73222e-05 -0.000338403 0.00149301 0.000971893 -0.000433865 -0.000650279 0.000464922 8.10723e-05 -0.000627165 -0.000669229 -0.000158866 -0.000669614 -0.000508814 0.000240401 -7.43076e-05 0.00212787 -0.000612992 0.00153534 -0.000599451 -0.000224345 3.76986e-05 0.00257001 -0.000671106 -0.000311206 -0.000667072 -0.000637799 -0.000624811 -0.000207969 -0.000585876 0.000795995 0.000424358 0.000893049 -0.000604576 0.000485532 -0.000364484 -0.000568584 0.000342368
RedAngus 0.00202047 0.000160902 0.00377752 -0.00185692 0.00256832 0.000541217 -0.00354862 -0.00502408 0.00226368 0.00225959 0.000870681 0.00243599 -0.00543547 0.00233795 -0.00633874 0.00240888 -0.00564446 0.00153414 0.00267306 0.00254565 0.00183747 0.00243857 -0.000880335 0.00159143 -0.00374725 -0.00655901 0.00176362 0.00234714 -0.00305154 -0.00171067 0.00291571 0.00141852 0.00115208 0.00225483 0.0014077 -0.0022641 0.000360936 -0.00560338 0.00248357 -0.003906 0.00229046 0.00142093 -0.000593456 -0.000671106 0.00417873 0.00159558 0.00250695 0.002952 0.00233713 0.000699566 0.00223638 -0.00599282 -0.00229666 -0.00497566 0.0023965 -0.00288462 0.00122753 0.00180332 -0.00302982
Romagnola 0.00123336 0.000152525 0.00157776 -0.00107001 0.00165926 0.000358077 -0.00243812 -0.0035399 0.00171334 0.00170298 0.000724362 0.00159794 -0.00395983 0.00163422 -0.0051522 0.00167107 -0.00398917 0.00123968 0.00166559 0.00162998 0.0013491 0.00169388 -0.000602994 0.00122773 -0.0025372 -0.00494948 0.00125543 0.00168433 -0.00223229 -0.00131693 0.00161024 0.00115296 0.000886767 0.00166555 0.00129738 -0.00168803 0.000505135 -0.00395697 0.00169209 -0.0026348 0.00174552 0.00153493 -0.00037026 -0.000311206 0.00159558 0.00432868 0.00163613 0.00158332 0.00165178 0.000614614 0.00170004 -0.00451394 -0.00170254 -0.00369107 0.00165329 -0.00209068 0.000996336 0.00139709 -0.0022704
Salers 0.00182075 0.000198861 0.00250293 -0.00171619 0.00243073 0.000656532 -0.00344588 -0.00490623 0.00236067 0.00235806 0.000878216 0.00247992 -0.00530142 0.00220177 -0.00622128 0.00244912 -0.0055063 0.00153572 0.00242736 0.0023089 0.00178509 0.00231674 -0.000818675 0.00161257 -0.00360398 -0.00642855 0.00174186 0.0026528 -0.00295946 -0.00153532 0.0023779 0.00146821 0.00113898 0.00251875 0.00155864 -0.002152 0.000511947 -0.00547868 0.00232787 -0.00375191 0.00235413 0.00146691 -0.000561048 -0.000667072 0.00250695 0.00163613 0.00385721 0.00237114 0.00250455 0.000714742 0.0023456 -0.005866 -0.00227148 -0.00487018 0.00223781 -0.00280251 0.00123548 0.00195325 -0.00294062
Shorthorn 0.00186238 0.000140202 0.00289673 -0.00181778 0.00277344 0.000539424 -0.00347602 -0.00493893 0.00219874 0.00220421 0.000837849 0.00255212 -0.005356 0.00228097 -0.0062611 0.00230536 -0.0055631 0.00148578 0.00254314 0.00256024 0.00184086 0.00234782 -0.000881429 0.00155082 -0.00368029 -0.00645792 0.00172 0.00230289 -0.00300498 -0.00169326 0.00350125 0.00139612 0.00113854 0.00219212 0.00141924 -0.00223865 0.000361139 -0.00554063 0.00247892 -0.00383638 0.00221556 0.00141096 -0.000610928 -0.000637799 0.002952 0.00158332 0.00237114 0.00455803 0.00222388 0.000673382 0.00218682 -0.00589997 -0.00223255 -0.00491671 0.00233403 -0.0028449 0.00117347 0.00176408 -0.00298764
Simmental 0.00177601 0.000217205 0.0022999 -0.00169269 0.00241939 0.000628544 -0.00342252 -0.00485899 0.00245577 0.00248669 0.000877343 0.00239022 -0.00525302 0.00218442 -0.00617979 0.00258683 -0.00543887 0.00154397 0.00232652 0.00231 0.00176567 0.00231515 -0.000815073 0.00166776 -0.00354991 -0.00636699 0.00170546 0.00250073 -0.00292346 -0.00156993 0.00225512 0.00148191 0.00117594 0.0028015 0.00161039 -0.00210982 0.000550526 -0.00542832 0.00229904 -0.00370569 0.00238288 0.00149412 -0.000545609 -0.000624811 0.00233713 0.00165178 0.00250455 0.00222388 0.00318465 0.000739383 0.00243413 -0.00579463 -0.00223335 -0.00481149 0.00220471 -0.00278076 0.00124299 0.00191307 -0.00283957
Tibetan 0.000703995 0.00172714 0.000680636 -0.000750943 0.000749235 0.000205516 -0.00166777 -0.00231468 0.000771621 0.000778769 0.000834961 0.000716791 -0.00242983 0.000887819 -0.0029117 0.000748935 -0.00261097 0.00146806 0.000771545 0.000773262 0.00127407 0.000734913 -2.92096e-05 0.000809695 -0.00168952 -0.00324754 0.000531937 0.000755938 -0.00110179 -0.000820376 0.000698423 0.00142461 0.000718368 0.00073684 0.00086349 -0.000955206 0.00033906 -0.00259103 0.000775577 -0.0017613 0.000790288 0.000566727 0.000218945 -0.000207969 0.000699566 0.000614614 0.000714742 0.000673382 0.000739383 0.00283077 0.000790194 -0.0029129 -0.000795237 -0.00219281 0.000863407 -0.000978086 0.00121778 0.00116124 -0.00139336
TyroleanGrey 0.00172708 0.000239796 0.0021972 -0.00165507 0.0023123 0.000578287 -0.00339133 -0.00483759 0.00257397 0.00252797 0.00092042 0.0022763 -0.00521311 0.00221526 -0.00616192 0.00239679 -0.00542746 0.00159208 0.00226093 0.00226987 0.00180637 0.00232876 -0.000779498 0.00172313 -0.00352415 -0.00634598 0.00169267 0.00237179 -0.00287913 -0.00159129 0.00221134 0.00153473 0.00119372 0.00245721 0.00161895 -0.00212071 0.00056043 -0.00540527 0.00228764 -0.00366993 0.00236031 0.00156592 -0.000506576 -0.000585876 0.00223638 0.00170004 0.0023456 0.00218682 0.00243413 0.000790194 0.00363402 -0.00577775 -0.00222755 -0.00478662 0.00223173 -0.00274871 0.00129424 0.00186084 -0.00287969
Wannan -0.00550888 -0.00267674 -0.00588469 0.00281096 -0.00593207 -0.00127641 0.0072187 0.0111934 -0.00581397 -0.00581113 -0.00318611 -0.0056981 0.0137857 -0.00582047 0.0163188 -0.00580072 0.012443 -0.00494713 -0.00597608 -0.00590697 -0.00552375 -0.00587861 0.0020673 -0.00440317 0.00764954 0.0187527 -0.00461106 -0.0058832 0.00817118 0.00484924 -0.00589239 -0.0054065 -0.00340876 -0.00591765 -0.00527993 0.00643491 -0.0026119 0.0123776 -0.00595476 0.00794196 -0.00582695 -0.00412176 0.00129364 0.000795995 -0.00599282 -0.00451394 -0.005866 -0.00589997 -0.00579463 -0.0029129 -0.00577775 0.0235308 0.00582559 0.0137236 -0.00589633 0.00741271 -0.00420862 -0.00528846 0.00851389
Weining -0.0021136 -0.000928626 -0.00225412 0.00112915 -0.00224013 -0.000549779 0.00288202 0.00440357 -0.00224273 -0.00224252 -0.00107316 -0.00218393 0.00533087 -0.00221172 0.0042645 -0.00223727 0.00485136 -0.00164194 -0.00228351 -0.00217436 -0.00195494 -0.00229378 0.000801006 -0.00161387 0.00297492 0.00652256 -0.0017835 -0.0022649 0.00310131 0.00164672 -0.00224624 -0.00191774 -0.00116893 -0.00228721 -0.002095 0.00225336 -0.00102555 0.00483906 -0.00226632 0.0031413 -0.00222521 -0.00155044 0.000614186 0.000424358 -0.00229666 -0.00170254 -0.00227148 -0.00223255 -0.00223335 -0.000795237 -0.00222755 0.00582559 0.00625456 0.00512657 -0.00223794 0.00295378 -0.00135948 -0.00190043 0.00298751
Wenshan -0.00457867 -0.0020978 -0.00488646 0.00261586 -0.00492588 -0.00108323 0.00628239 0.00970383 -0.00482203 -0.00481908 -0.00249266 -0.00473162 0.0117 -0.00481994 0.012146 -0.00482122 0.0107363 -0.00396149 -0.00497095 -0.00490425 -0.00449517 -0.00489007 0.00174743 -0.00357485 0.00667864 0.0152588 -0.0037978 -0.00488609 0.0067765 0.00378438 -0.00489698 -0.00436631 -0.00271512 -0.00492051 -0.00437817 0.00513362 -0.00209196 0.0106902 -0.0049402 0.00693385 -0.00484732 -0.00332476 0.0011355 0.000893049 -0.00497566 -0.00369107 -0.00487018 -0.00491671 -0.00481149 -0.00219281 -0.00478662 0.0137236 0.00512657 0.0147141 -0.00488997 0.00624428 -0.0032965 -0.00431533 0.00676204
WesternFinncattle 0.00200557 0.000311117 0.00236018 -0.00173889 0.00234444 0.000542386 -0.00347684 -0.00496249 0.00224885 0.00224646 0.000988441 0.00221706 -0.00534466 0.00261481 -0.00625797 0.00224976 -0.00555906 0.00169889 0.00247375 0.00241294 0.00191817 0.00236768 -0.000782431 0.00164129 -0.00362834 -0.00648294 0.00174765 0.00226256 -0.0029302 -0.00163584 0.00231576 0.00165365 0.00120439 0.00225003 0.00161688 -0.00217375 0.000530758 -0.00554892 0.00241236 -0.00379295 0.00228354 0.00148237 -0.000484101 -0.000604576 0.0023965 0.00165329 0.00223781 0.00233403 0.00220471 0.000863407 0.00223173 -0.00589633 -0.00223794 -0.00488997 0.00455466 -0.00277381 0.00137727 0.00192078 -0.00297392
Xuanhan -0.00264126 -0.00109907 -0.00283617 0.0013613 -0.00284492 -0.000592516 0.00335755 0.00521626 -0.00277305 -0.0027656 -0.00129642 -0.00273106 0.00642967 -0.00270873 0.00608794 -0.00277028 0.00572575 -0.00192863 -0.00285407 -0.00280772 -0.00234932 -0.00282339 0.00123779 -0.00194468 0.00357537 0.00816202 -0.00221345 -0.00280902 0.00394877 0.00216189 -0.00284103 -0.00220653 -0.00143937 -0.00285064 -0.00244984 0.00292583 -0.00119741 0.00573704 -0.00283528 0.0037111 -0.00275947 -0.00188598 0.00092064 0.000485532 -0.00288462 -0.00209068 -0.00280251 -0.0028449 -0.00278076 -0.000978086 -0.00274871 0.00741271 0.00295378 0.00624428 -0.00277381 0.00765174 -0.00164516 -0.00230003 0.00379719
Yakutian 0.00106244 0.000718356 0.00119243 -0.00116241 0.00127305 0.00035055 -0.00242592 -0.00350074 0.00127314 0.00127928 0.00103641 0.00120107 -0.00368099 0.00139508 -0.00469149 0.00125551 -0.00391482 0.00188549 0.00123572 0.00129308 0.00173804 0.00125163 -0.000220195 0.00119971 -0.0025096 -0.00463377 0.000900963 0.00126066 -0.00179141 -0.00114002 0.00119738 0.00184194 0.000999738 0.00124489 0.0012183 -0.00139538 0.000459772 -0.00391446 0.00127672 -0.00262605 0.00129529 0.000929097 0.000136555 -0.000364484 0.00122753 0.000996336 0.00123548 0.00117347 0.00124299 0.00121778 0.00129424 -0.00420862 -0.00135948 -0.0032965 0.00137727 -0.00164516 0.00574346 0.00158385 -0.00201321
